
BU{1} = [1228  728303.38   1036271.50
     253  728308.49   1036274.06
     252  728307.05   1036278.86
    1230  728301.17   1036275.92
     254  728300.40   1036277.46
     255  728289.79   1036272.15
     256  728283.77   1036292.51
     202  728274.14   1036289.94
    1247  728277.25   1036266.18
     263  728280.99   1036267.09
     262  728285.55   1036269.15
     261  728288.14   1036263.85
    1228  728303.38   1036271.50
];
%%---------------------------------------------------
%%%% Budova id=825057209 na na parcele "7/1" :1
